..12-

1⁷. 111. 011 1111111010 Ρ10111111181111-11011011111 101001 11101ιὶ11 001 11 011
11111111 1110110101 1011111111, 111101010101110110 010 11011111μή1100 111 001
&men sfflhmhmfflm Dr. 1111 80111111 zum 010011110101 1101101 111 11011101

111 111111 11

181111. Am 10110101 11101011012011 111· 1101111111 001 Herm 1111111011 001
111010101010111010101101101 1011101101111101 0οι 1011111110 von 80111011 011
1010101 1011111111101 111011010101 101111011101 1111 1101 mit 0011111011 0110101,
011011810011101101101010101 01101011011111110, 11011 111011 11 0111011011ιο
vimen 1101111111 110118011101101111011101 111 beben 11 11101, 1010011 01011 110111
11111111111“1111“1111“111111·1Μ11““11“”111”11“““1”

mm mmn 1 0 0 0 1 un 01

811111101 110101010111101111111111111 1010 01111010 1180111101101, 1011111 egr 010

Β1011011111001 1111111οι vom 1111111110 011. Um 1101 1101 0101111011 0018011101

00010010181011101110101, 10110 010 1110110101 10101001 11010 11101 01110101001

101011111101111011, 111 001 Ηο11 Minister 1011111111, 0111 1101111011101

1101111101 0011010101 8011101 11101 0οι 101110111111111 ,111101111101 110101111011ι
011 1101111111 0011 &ulmenam 1011201111 11180 1111101101 gebracht 110 0111 3
01010101 10111111110101 801111οι1 von 10111111 1111111110 011 1111οι1 0001 00101 ἰ
8101110110101 111011011101 111 010 fiir 1101011111 110 1111110 80111 0001 Ρ110101010110101 t
ἔ1ι1111111101101ᾶ1111010011011111ωο 001 101110111 11 10110101018011101101111011101 ,1
11 01110101 wer 01. 1
g21. 1111, 00111011111111011111111111110110111110111010111111110110111001 ³,
1010101 8011101 111 1111111001, 00180111 011. 11 Eudo 10101, 1010111111, 0111 001· 1
jenigen hebrom, 01011001 111 111110. 111111 Berlin 1111111001001 1111001 1
00111010111 10111110101011110 1011101101, 1110011011111,011 11111111. Urlaub 01· 5
10110010. 1

111. 1111. 1101801111111101111011101011111 1101111111· 110 101111111111111 von '¹
0110 ’1101111111 011011010101111111 Lohmayerscben 1110111001 111001101111011110101
1110111011 1110180111111110 111011 10111110111101 1100110111111101 110 1011111-
11101 101 0101010101 8011101 vom 01111110. ,1111110111111

111111. 1111111111 001101 001 1110010101 801110011111101 11101· 0011
1. April 1886 1010111101 1101111101 11111011110100111111111 01101 10111 001 0110111011
11101110111101 wird auch 0010101110101 00111101011011111111101 110011 81110
0111101101, 0111 0011111111 001 Ν101111111111101110111,1011. 01101 101110110111111111·
111100 1101101111111010101111, 1011 011 11100111011110 1101110101οτ 1111011111
1οι11111110 110111 8011110110011010111. - 11111110111110 01010 Βο111111111 durch

0101011111111011 25. Oktober.

111111. 1111 1111111101ιο1101111111·80111·Κο11011111 1010010101100110111101
111101110101·Κο1101011 111101111101 11011111. 1110101101 1110 111 00101111100 011·
10111001801111111111001 1011101·Κο1101101 11 macheu und 010 1111101101 iiber 010·
101101 10110 011 Ρ101010110 iiber 010 1011110111101 11 001 1011101101 111 zum

81. sanun 1893 011111010101.

111111. [1101111110110111101111011111101111110011011101111011111 111101 1
110111011111110101, 11 walchen 110 110011011111110101 110110011110110101 110110·
11111111011011101. - 1101111101 001 80101111 10111110111101110 111111110111110110 1
11111110101111 01111111 111101, 0111 111 011 0110101111110111111 dorm-tte, 110111
11011111101101111110 018010111101 1111110011 1011111111 1011011111 110 1011011-
11011111 1111001. 1100111001 11101 Ρο1111001801111011111, 11018010101110101 110
Kl 111111111011101010110110101 101101 001 1111111110 11111111101110110 durch
1111111010 111101101111101 0100111111111 0111111110 001 1111111101 110 1111111111

011 8000110 0111101111. 00101101 010 1111011111 001 1101101101 101 0018011110
1111110010100110111 11 1101101111 1011111101 111 11111111 1101 0101101 111110 en.
0111 01011111111001 1111 001 10110101 8011111101111110 1111110111 in 1111110111το

1011110111 gebracht, ihm 1110 1100010111010111101001.

 

