— XXXI -

Η1. prol. 10, 11, 13, 22, 28, 35, 3645, 49, 52, 56, 58, 69, 72, 73, 76, 77, 104,
127, 140, 145, 150, 154, 161, 164, 167, 172, 265, 274, 298, 301, 302, 305, 341, 348,
349, 350, 354, 360, 361, 365, 379, 380, 408, 413, 415, 418, 439, 446, 449, 472, 475,
491, 503, 505, 524, 531, 539, 547, 548, 550, 751, 770, 774, 777, 779, 803, 816, 818,
826, 847, 861, 868, 910, 915, 929.

Ρ1101. 1, 10, 36, 37, 57, 109, 131, 142, 143, 145, 202, 222, 224, 226, 273, 287,
291, 298, 300, 301, 302, 305, 352, 359, 361, 382, 392, 421, 429, 435, 436, 438, 441,
447, 449, 490, 580, 588, 592, 606, 613, 615, 616, 636, 638, 640, 651, 659, 661, 664,
666, 692, 904, 920, 922, 949, 962, 968, 972Ι 974, 975, 985, 989, 990, 992, 1003, 1009.

lnd. 1, 8, 55, 86, 133, 135, 216, 277, 406, 415, 427, 432, 446, 450, 460, 465, 466,
477, 558, 565, 568, 572, 670, 674, 723, 729, 734, 741, 761, 790, 795, 804, 874, 875, 888.

1191. 119) v. 3, 1, 119) v. 9, 11, 91, 99, 99, 41, 49, 99, se, 61, 94, 91, 191, 191,
199, 199, 199149, 199, 111, 199, 199, 191, 991, 999, 499, 491, 449, 441, 499, 499, 499,
991, 999, 991, 944, 941, 949, 999, 919, 999, 999, 999, 991, 999, 119, 114,.119, 199994

Ad. 12, 17, 48, 66, 104, 111, 112, 117, 128, 248, 357, 374, 392, 394, 401, 402, 411,
447, 452, 458, 459, 472, 497, 500, 506, 508, 736, 739, 747, 750, 757, 779, 782, 788,
790, 806, 808, 810, 834, 840, 891, 896, 897, 902, 904, 908, 926.

5) lem deseribuntur’' u loci, quorum 191119 thesis 119 constituitur, 11 syllabae 99191119 11191
dues 19999 distribuantur etque pro 9911911919ψ1ψ11191191111 ,1 υ.

And 1. 77119 ut, 112 quid hic, 134 (19169119,16899199912889196,41311916
919191, 420 quod 919, 448 set 991, 449 quid id, 473 19191911, 56391 1,919 679 quod 919,
728 96 erum, 731 quid 91911 7761911919,8839(1111)119 91111911. =16

Eun 30119953969911,117,11919111142991919,1931991199417119161119,
425 quid 919, 43111916 111947991911119, 485 991 hebet, 522 quid 1195919991, 5271991919,

999 n animo, 999 99999111 991 919 111, 9991999991 9141919 1111919919, 919
hene. 111111 700 1199919999, 8351111119, 841691191911, 861 quid 119, 881 quid arnor = 23.
61211996 illi, 71 tibi esse, 80 tibi 11, 142 1191 999, 168 991 91, 288119 111,
303 quid 911, 308 61911911, 358 sunm esse, 490 119 911, 493 ts 16911, 524 991 911, 537
quiores, 791 quod 1919, 8009119911111, 835 dicem 11511991 -- 16.

Ρ1191. 21 91111 esse, 27 (1919191, 216 99169119, 229 11611911, 358 1169 iveritis,
364151911911,3849919119, 395 911919, 411 quidest, 420 19 idem, 662 spongo, 673-
1191199, 681 11111 opus, 685 (11116919, 700 91919, 892 9111 erunt, 917 edeam, 945 199199,
9791116, 982 61111919, 990 quid istuc, 993 9919 1911, 995 quid 19119, 1005 1111111119

1199122119 991198 quod 919, 162 domi 9191, 430 91 quidem, 512 neque hic, 685
in 99111 = 6.

Adel. 67 quod 9111191119, 9711111111, 103 neque 919, 122 91961119, 133 1911119119,
232 tum 91911, 236 quod 96, 377 11 sque, 382 9151195991, 397 quam ille, 431 91 11911991,
456111 es, 473 se 61911, 483 11191119, 509 11 aliquod, 516 (11) quid 91911, 730 16 eninr,
746 6911119111 780 quid 9119, 789 quid 91911, 894 119 96 = 21.

Et numero 111191 91 praecipue 191119 eiusmodi solutionum multo Terentius eGreeci⁸
deflectit Hi 91111 thesim 1119161119 19999 119 distribuunt, ut 911199691 9911191119- quali
articulus cum nomine 9911911161- 91119 19919 speciem 9169191 atque licentiam 91119191
Ex Terentianis 1919 19919 9191 louge plurimi similiter 19111911 inveniuntur, temen haud 1911
eum hoc 1919 aliquo enuntiandi 1119119119, quod 199919 61111111, pugnant.

His 9111191191 991 1991 grauissime discordantes cum Graecorum 1919, qus thesis 19169
solvi 1911191, 91 mesura 119619 versum disponit. Apud nostmm eutem legimus:

Ε11.5161699619,1111119999 69191991119191191991919.

-892 Nutricem accersitum 111, Ι 9999111911 eluit pdrvolsm
Phor. 99 Amicus summus 19191911911191196914; sedlegendumzmeus
— 271 Ex qud re minus rei 1919111111 191991911919119

 

