..17 ..
9. 3011000003 1100 7011010500000 1101 51001300 1550000100.

15511001 10105001 21. 1. 1872 111500 01003. 1 1 1110111010

156. 10001111 11.]2. 1878 17οο3100110 10115. 9 2 1101111110

157. wilhelm 111150 921871 Kar-zen, 1011001000 01003. 2 19 lhssfllfgspffssd .
158. 00013 11010001 25. 9. 1873 Τι1000,111.1100101101010 irath. 1 9 ’150010310

159, wilibald ilerden 1101011 1105100, 00001000 01003. 9 9 30011005

166. 101005 1110301 85121872 0101100,111.101000 heth 7 2 sohiihbmiaoh
161. Mu 11031101 21. 10. 1872 All-Alimenrrndorss 110111. 5 2 1100510

162. 11011000οΡ0101· 30. 81869 Μξὲοξῗ1111ῒ1100 11115. 8 6 ’150010310 ’
163. Ernst 1101011100 97. 8. 1871 0501110100, 1011101110 11015. 9 9 7500103111

161. liudolf 8011011 201. 1871 3100500010ἰο heth 9 2 30010011

16517111101017001101 10. l. 1872 Ι171111601111011“,111.1100010110οἺ 1015. 3 9 ’150010310

V.

Vermehrung 601· 5050011101.

1. 8151111501.

Die Bibliothek 0015111 2985 7701110 10 1910 31101100. und 0001610505100-31511015011
1199 770110 10 3092 3110600610 80561003151101501 1466770110ῐο 1318 3110600. ’,
010 505101-3151101505 110160 durch 10130060 7701115 1011005111 Bursian, 105100-
5011051, Forte. J. 11111101, 1100651105 601 1110001005οο 111011000010000005011, 17. 30155006.
Neue, Formenlehre der 101 8010050, 11. 36· 11ζ-16. 1110101003. Curti 1105 historiarum
Alexandri 11. libri ed. 70301, 2360. 11000511, 1001651110500 50111οο 601311005. 006
11111. 5315010310, 22. 006 23. 5101. Paul, 0101161100 601301000100500 3511010310, 1. 311,
11. 36, l. 551, 2. Abi. 5101. 1 0. 2. 01101111, 1100100500 7160015005, 7111 Bd.. 9. bis
11. 5101,17.36.1. 551. 1511111110, 115101. Ans deutschen henehhehern, 736. hiel.
56-59. 1705001, 01051003 00650500 600111000010301011060111001101005013(Οο
1105001 1100 7011000010). 0111100000 8101111050 1701110, 1. 1003050. 710101, 1110010010
der Phonetik. 0101010011,31050000100506001103110500. 7015006510300 601 1111011010ον
7010000100300, 21. 36. (001· 006 1700101000000). 10001, 1700 0131051 0105000600
Βρ1005305100050 Xenophane in der 10050010 111 610 3050061003 1101311005. 81010110
(1018050107 0050005016, 3011103 001 3050061003 601 6100011005εο 50111110, 2501.1
2000015100 fle 610 3000000001051010111011003, 70110. Ζ. 1. (1.0.·17,,110110. 5161ι
deutschen 0010111051, 30110. hs. 00151106 001011. 0010111051, 110110. Z. 1. irena. 8010050
006 1111, Forte. Lehmann, 701100003011 15013115011110100611015060 des 30031. 00101-
11010. 1000, liner 0101, notione 011 0110011101 100 geogr. 0010010110, r. 0000.
thrn⁹ 11001100100111130031005100500 50005000030101011105100 51110100 5051100101100.
Ζ111500000, 0001505005 0111 1110060050131005 · 0101100110500 0000510510. 3001131111061105
rior 010100. 1100101001-1100100,00001051110101 11135110103101063111030311, Fortu.
Gymnnn‘unr, 30111. 70001050111011103001006 70110005111100,1 11050. ’·

 

